strategy: 1
output_seq_len: 5
transaction_cost: 0.0
reduce_risk: 0.0
m_noise: 0.05
x_noise: 0.1
v_noise: 0.08
runs: 10
nuber_of_simulations: 200
number_of_ticks: 200
roi: [40.273525924880175, 36.1902312384128, 44.18931556919317, 31.56518535309702, 58.67859966860538, 35.914136412515106, 45.097381446816904, 77.75419632918339, 40.965915660486495, 24.32671743347113]
target roi: 20.05831265672652
sharpe_ratio: 670.0691341352372
target_sharpe_ratio: 552.4977313878725
