strategy: 1
output_seq_len: 5
transaction_cost: 0.0
reduce_risk: 0.0
m_noise: 0.25
x_noise: 0.5
v_noise: 0.25
runs: 10
nuber_of_simulations: 200
number_of_ticks: 200
roi: [41.89265688215307, 42.25447512604731, 47.86794656368634, 34.64983023793888, 60.876379111387024, 32.11497277566753, 50.852389009049816, 131.0756908986869, 49.660950764724994, 35.9410567258071]
target roi: 35.229907513231275
sharpe_ratio: 162.4023546164507
target_sharpe_ratio: 159.18897367756972
