strategy: 1
output_seq_len: 5
transaction_cost: 0.0
reduce_risk: 0.0
m_noise: 0.15
x_noise: 0.2
v_noise: 0.15
runs: 10
nuber_of_simulations: 200
number_of_ticks: 200
roi: [40.31867677966268, 37.9417004725354, 44.4789876303947, 31.219253551386778, 60.34593668200282, 30.565503023719597, 46.76974233363558, 77.94458953669672, 47.80602713683737, 21.73142963621273]
target roi: 22.53293262565326
sharpe_ratio: 115.5679577829172
target_sharpe_ratio: 119.83035860960703
