strategy: 2
output_seq_len: 5
transaction_cost: 0.0
reduce_risk: 0.5
m_noise: 0.25
x_noise: 0.5
v_noise: 0.25
runs: 10
nuber_of_simulations: 200
number_of_ticks: 200
roi: [30.1871082025359, 29.879737451395634, 35.970828993584796, 20.146663799500722, 45.14678814077323, 14.997098687200097, 30.50324659929099, 54.255325491655, 28.39470189825273, 13.85877906967576]
target roi: 57.27906074446787
sharpe_ratio: 62.62193040663819
target_sharpe_ratio: 258.819722694489
