strategy: 2
output_seq_len: 5
transaction_cost: 0.0
reduce_risk: 0.0
m_noise: 0.15
x_noise: 0.2
v_noise: 0.15
runs: 10
nuber_of_simulations: 200
number_of_ticks: 200
roi: [47.10125317575071, 43.58395784252583, 49.33880458315555, 35.32690784736535, 79.95469612089161, 38.84950272933155, 58.48863835805272, 82.92997602971084, 58.736452642156806, 30.519848769176747]
target roi: 35.55978327078185
sharpe_ratio: 162.30485767120143
target_sharpe_ratio: 189.10727920814335
