strategy: 2
output_seq_len: 5
transaction_cost: 0.0
reduce_risk: 0.0
m_noise: 0.25
x_noise: 0.5
v_noise: 0.25
runs: 10
nuber_of_simulations: 200
number_of_ticks: 200
roi: [49.022635647805544, 47.35308266707334, 51.21289184585811, 39.2730291966381, 78.25212338548694, 38.79372041038175, 59.366181376887305, 143.15540275087724, 57.9665580065043, 39.67313270727854]
target roi: 57.27906074446787
sharpe_ratio: 179.26601924440976
target_sharpe_ratio: 258.819722694489
