strategy: 2
output_seq_len: 5
transaction_cost: 0.0
reduce_risk: 0.0
m_noise: 0.05
x_noise: 0.1
v_noise: 0.08
runs: 10
nuber_of_simulations: 200
number_of_ticks: 200
roi: [46.00808275737766, 42.42624912563899, 49.239510119937805, 34.668533485837614, 73.18301300152201, 38.48432743577229, 58.62610480698996, 87.15264360961686, 52.849370251499124, 33.008960088172245]
target roi: 34.338330281390995
sharpe_ratio: 909.2178328405964
target_sharpe_ratio: 945.834772086566
