strategy: 2
output_seq_len: 5
transaction_cost: 0.0
reduce_risk: 0.1
m_noise: 0.25
x_noise: 0.5
v_noise: 0.25
runs: 10
nuber_of_simulations: 200
number_of_ticks: 200
roi: [3.1515275213441005, 3.851576266884167, 5.474695140684316, 0.7774667067653508, 8.767114062482753, 0.2272462273640775, 3.478087349238188, 3.1597150143715105, 3.7720462612260164, 0.2214185370321683]
target roi: 57.27906074446787
sharpe_ratio: 1.000496230371936
target_sharpe_ratio: 258.819722694489
